0.02489048
0.04650855
0.38323346
0.04786021
-0.10160546
-0.17764576
-0.33520439
0.05189147
0.06356251
0.16539484
0.08384535
0.26385003
-0.25349742
0.00439901
-0.27815717
0.27825642
-0.31816772
0.15313013
0.19364719
0.00000000
0.16955905
-0.17423800
-0.75668693
-0.75517970
0.55601329
0.65693241
1.22871268
0.32939267
-2.87103748
1.36132169
0.58316904
-0.12369145
0.00000000
0.21756566
0.00000000
0.71624094
-1.00761604
0.00000000
-1.38169384
1.18360305
0.05588641
-0.15289053
1.38163841
0.15996708
0.09449213
0.22265641
-0.09707779
0.00000000
-0.25803602
-0.38664180
-0.24196191
0.09962588
0.35145384
-0.25226212
0.34678787
-0.32054546
0.00000000
0.73610926
0.00000000
-0.42803264
-0.61532998
-0.18087479
0.10181227
1.10869634
-0.42069036
-0.82017404
0.35177004
0.77122289
0.00000000
0.22818491
0.39890999
0.32939267
-0.43121710
-0.38697669
0.48341689
-0.28306800
-0.16481559
0.18857738
-0.04283378
0.30850640
0.32939267
-0.43737981
-0.38697669
0.50593227
-0.34953451
-0.04002102
0.42091849
0.17200139
0.00000000
-0.18530107
-0.16153750
0.19390336
0.18857738
0.32939267
0.35591629
-0.54960579
0.00000000
-0.19640949
-0.71026510
0.79028350
0.32939267
0.00000000
0.00000000
0.00000000
-0.04147743
-0.18187031
-0.01911952
0.54001409
0.64214420
-0.08560660
-0.10809086
-0.02788732
-0.00270608
-0.18869694
-0.07654286
-0.62958992
0.29225570
0.67280179
-0.39557034
0.16768682
-0.18337812
-0.02372289
0.07035147
0.54474521
-0.70283502
-0.14981569
